(kicad_pcb (version 4) (host pcbnew 0.201509182047+6202~30~ubuntu14.04.1-product)

  (general
    (links 129)
    (no_connects 0)
    (area 44.915476 47.87412 155.084524 152.47626)
    (thickness 1.6)
    (drawings 113)
    (tracks 542)
    (zones 0)
    (modules 69)
    (nets 32)
  )

  (page A4)
  (layers
    (0 F.Cu signal)
    (31 B.Cu signal)
    (32 B.Adhes user)
    (33 F.Adhes user)
    (34 B.Paste user)
    (35 F.Paste user)
    (36 B.SilkS user)
    (37 F.SilkS user)
    (38 B.Mask user)
    (39 F.Mask user)
    (40 Dwgs.User user)
    (41 Cmts.User user)
    (42 Eco1.User user)
    (43 Eco2.User user)
    (44 Edge.Cuts user)
    (45 Margin user)
    (46 B.CrtYd user)
    (47 F.CrtYd user)
    (48 B.Fab user hide)
    (49 F.Fab user hide)
  )

  (setup
    (last_trace_width 0.25)
    (user_trace_width 0.254)
    (user_trace_width 0.381)
    (user_trace_width 0.508)
    (user_trace_width 0.762)
    (user_trace_width 1.27)
    (user_trace_width 2.54)
    (trace_clearance 0.2)
    (zone_clearance 0.508)
    (zone_45_only no)
    (trace_min 0.2)
    (segment_width 0.2)
    (edge_width 0.15)
    (via_size 1)
    (via_drill 0.4)
    (via_min_size 0.6)
    (via_min_drill 0.3)
    (uvia_size 0.3)
    (uvia_drill 0.1)
    (uvias_allowed no)
    (uvia_min_size 0.2)
    (uvia_min_drill 0.1)
    (pcb_text_width 0.3)
    (pcb_text_size 1.5 1.5)
    (mod_edge_width 0.15)
    (mod_text_size 1 1)
    (mod_text_width 0.15)
    (pad_size 2 2)
    (pad_drill 1.5)
    (pad_to_mask_clearance 0.2)
    (aux_axis_origin 50 150)
    (visible_elements FFFFFF7F)
    (pcbplotparams
      (layerselection 0x010f0_80000001)
      (usegerberextensions true)
      (excludeedgelayer true)
      (linewidth 0.100000)
      (plotframeref false)
      (viasonmask false)
      (mode 1)
      (useauxorigin true)
      (hpglpennumber 1)
      (hpglpenspeed 20)
      (hpglpendiameter 15)
      (hpglpenoverlay 2)
      (psnegative false)
      (psa4output false)
      (plotreference true)
      (plotvalue false)
      (plotinvisibletext false)
      (padsonsilk false)
      (subtractmaskfromsilk false)
      (outputformat 1)
      (mirror false)
      (drillshape 0)
      (scaleselection 1)
      (outputdirectory gerber/))
  )

  (net 0 "")
  (net 1 "Net-(C1-Pad1)")
  (net 2 "Net-(C1-Pad2)")
  (net 3 "Net-(C2-Pad1)")
  (net 4 "Net-(C2-Pad2)")
  (net 5 +15V)
  (net 6 GND)
  (net 7 "Net-(C5-Pad1)")
  (net 8 "Net-(C7-Pad2)")
  (net 9 "Net-(C8-Pad2)")
  (net 10 "Net-(C12-Pad2)")
  (net 11 "Net-(C10-Pad1)")
  (net 12 "Net-(C12-Pad1)")
  (net 13 -15V)
  (net 14 "Net-(C17-Pad1)")
  (net 15 "Net-(C17-Pad2)")
  (net 16 "Net-(C20-Pad1)")
  (net 17 "Net-(D1-Pad2)")
  (net 18 VREF+)
  (net 19 TEMP+)
  (net 20 TEMP-)
  (net 21 "Net-(P7-Pad1)")
  (net 22 "Net-(Q1-Pad2)")
  (net 23 "Net-(Q2-Pad3)")
  (net 24 "Net-(R18-Pad2)")
  (net 25 "Net-(U3-Pad1)")
  (net 26 "Net-(U3-Pad8)")
  (net 27 "Net-(U4-Pad1)")
  (net 28 "Net-(U4-Pad8)")
  (net 29 "Net-(U5-Pad9)")
  (net 30 "Net-(U5-Pad10)")
  (net 31 VIN)

  (net_class Default "This is the default net class."
    (clearance 0.2)
    (trace_width 0.25)
    (via_dia 1)
    (via_drill 0.4)
    (uvia_dia 0.3)
    (uvia_drill 0.1)
    (add_net +15V)
    (add_net -15V)
    (add_net GND)
    (add_net "Net-(C1-Pad1)")
    (add_net "Net-(C1-Pad2)")
    (add_net "Net-(C10-Pad1)")
    (add_net "Net-(C12-Pad1)")
    (add_net "Net-(C12-Pad2)")
    (add_net "Net-(C17-Pad1)")
    (add_net "Net-(C17-Pad2)")
    (add_net "Net-(C2-Pad1)")
    (add_net "Net-(C2-Pad2)")
    (add_net "Net-(C20-Pad1)")
    (add_net "Net-(C5-Pad1)")
    (add_net "Net-(C7-Pad2)")
    (add_net "Net-(C8-Pad2)")
    (add_net "Net-(D1-Pad2)")
    (add_net "Net-(P7-Pad1)")
    (add_net "Net-(Q1-Pad2)")
    (add_net "Net-(Q2-Pad3)")
    (add_net "Net-(R18-Pad2)")
    (add_net "Net-(U3-Pad1)")
    (add_net "Net-(U3-Pad8)")
    (add_net "Net-(U4-Pad1)")
    (add_net "Net-(U4-Pad8)")
    (add_net "Net-(U5-Pad10)")
    (add_net "Net-(U5-Pad9)")
    (add_net TEMP+)
    (add_net TEMP-)
    (add_net VIN)
    (add_net VREF+)
  )

  (module Mounting_Holes:MountingHole_3-5mm (layer F.Cu) (tedit 57CC4976) (tstamp 57CC4BD4)
    (at 53.5 71)
    (descr "Mounting hole, Befestigungsbohrung, 3,5mm, No Annular, Kein Restring,")
    (tags "Mounting hole, Befestigungsbohrung, 3,5mm, No Annular, Kein Restring,")
    (fp_text reference REF** (at 0 -4.50088) (layer F.SilkS) hide
      (effects (font (size 1 1) (thickness 0.15)))
    )
    (fp_text value MountingHole_3-5mm (at 0 5.00126) (layer F.Fab)
      (effects (font (size 1 1) (thickness 0.15)))
    )
    (fp_circle (center 0 0) (end 3.5 0) (layer Cmts.User) (width 0.381))
    (pad 1 thru_hole circle (at 0 0) (size 3.5 3.5) (drill 3.5) (layers))
  )

  (module Mounting_Holes:MountingHole_3-5mm (layer F.Cu) (tedit 57CC4976) (tstamp 57CC4BCB)
    (at 96 53.5)
    (descr "Mounting hole, Befestigungsbohrung, 3,5mm, No Annular, Kein Restring,")
    (tags "Mounting hole, Befestigungsbohrung, 3,5mm, No Annular, Kein Restring,")
    (fp_text reference REF** (at 0 -4.50088) (layer F.SilkS) hide
      (effects (font (size 1 1) (thickness 0.15)))
    )
    (fp_text value MountingHole_3-5mm (at 0 5.00126) (layer F.Fab)
      (effects (font (size 1 1) (thickness 0.15)))
    )
    (fp_circle (center 0 0) (end 3.5 0) (layer Cmts.User) (width 0.381))
    (pad 1 thru_hole circle (at 0 0) (size 3.5 3.5) (drill 3.5) (layers))
  )

  (module Mounting_Holes:MountingHole_3-5mm (layer F.Cu) (tedit 57CC4976) (tstamp 57CC4BC3)
    (at 104 53.5)
    (descr "Mounting hole, Befestigungsbohrung, 3,5mm, No Annular, Kein Restring,")
    (tags "Mounting hole, Befestigungsbohrung, 3,5mm, No Annular, Kein Restring,")
    (fp_text reference REF** (at 0 -4.50088) (layer F.SilkS) hide
      (effects (font (size 1 1) (thickness 0.15)))
    )
    (fp_text value MountingHole_3-5mm (at 0 5.00126) (layer F.Fab)
      (effects (font (size 1 1) (thickness 0.15)))
    )
    (fp_circle (center 0 0) (end 3.5 0) (layer Cmts.User) (width 0.381))
    (pad 1 thru_hole circle (at 0 0) (size 3.5 3.5) (drill 3.5) (layers))
  )

  (module Mounting_Holes:MountingHole_3-5mm (layer F.Cu) (tedit 57CC4976) (tstamp 57CC4BBA)
    (at 146.5 71)
    (descr "Mounting hole, Befestigungsbohrung, 3,5mm, No Annular, Kein Restring,")
    (tags "Mounting hole, Befestigungsbohrung, 3,5mm, No Annular, Kein Restring,")
    (fp_text reference REF** (at 0 -4.50088) (layer F.SilkS) hide
      (effects (font (size 1 1) (thickness 0.15)))
    )
    (fp_text value MountingHole_3-5mm (at 0 5.00126) (layer F.Fab)
      (effects (font (size 1 1) (thickness 0.15)))
    )
    (fp_circle (center 0 0) (end 3.5 0) (layer Cmts.User) (width 0.381))
    (pad 1 thru_hole circle (at 0 0) (size 3.5 3.5) (drill 3.5) (layers))
  )

  (module Mounting_Holes:MountingHole_3-5mm (layer F.Cu) (tedit 57CC4976) (tstamp 57CC4A00)
    (at 53.5 79)
    (descr "Mounting hole, Befestigungsbohrung, 3,5mm, No Annular, Kein Restring,")
    (tags "Mounting hole, Befestigungsbohrung, 3,5mm, No Annular, Kein Restring,")
    (fp_text reference REF** (at 0 -4.50088) (layer F.SilkS) hide
      (effects (font (size 1 1) (thickness 0.15)))
    )
    (fp_text value MountingHole_3-5mm (at 0 5.00126) (layer F.Fab)
      (effects (font (size 1 1) (thickness 0.15)))
    )
    (fp_circle (center 0 0) (end 3.5 0) (layer Cmts.User) (width 0.381))
    (pad 1 thru_hole circle (at 0 0) (size 3.5 3.5) (drill 3.5) (layers))
  )

  (module Mounting_Holes:MountingHole_3-5mm (layer F.Cu) (tedit 57CC4976) (tstamp 57CC49B0)
    (at 53.5 146.5)
    (descr "Mounting hole, Befestigungsbohrung, 3,5mm, No Annular, Kein Restring,")
    (tags "Mounting hole, Befestigungsbohrung, 3,5mm, No Annular, Kein Restring,")
    (fp_text reference REF** (at 0 -4.50088) (layer F.SilkS) hide
      (effects (font (size 1 1) (thickness 0.15)))
    )
    (fp_text value MountingHole_3-5mm (at 0 5.00126) (layer F.Fab)
      (effects (font (size 1 1) (thickness 0.15)))
    )
    (fp_circle (center 0 0) (end 3.5 0) (layer Cmts.User) (width 0.381))
    (pad 1 thru_hole circle (at 0 0) (size 3.5 3.5) (drill 3.5) (layers))
  )

  (module Mounting_Holes:MountingHole_3-5mm (layer F.Cu) (tedit 57CC4976) (tstamp 57CC49A9)
    (at 146.5 146.5)
    (descr "Mounting hole, Befestigungsbohrung, 3,5mm, No Annular, Kein Restring,")
    (tags "Mounting hole, Befestigungsbohrung, 3,5mm, No Annular, Kein Restring,")
    (fp_text reference REF** (at 0 -4.50088) (layer F.SilkS) hide
      (effects (font (size 1 1) (thickness 0.15)))
    )
    (fp_text value MountingHole_3-5mm (at 0 5.00126) (layer F.Fab)
      (effects (font (size 1 1) (thickness 0.15)))
    )
    (fp_circle (center 0 0) (end 3.5 0) (layer Cmts.User) (width 0.381))
    (pad 1 thru_hole circle (at 0 0) (size 3.5 3.5) (drill 3.5) (layers))
  )

  (module Capacitors_SMD:C_0603 (layer B.Cu) (tedit 5415D631) (tstamp 57CB053A)
    (at 124.8 124.2 270)
    (descr "Capacitor SMD 0603, reflow soldering, AVX (see smccp.pdf)")
    (tags "capacitor 0603")
    (path /57C2BA30)
    (attr smd)
    (fp_text reference C1 (at 0 1.4 270) (layer B.SilkS)
      (effects (font (size 1 1) (thickness 0.15)) (justify mirror))
    )
    (fp_text value 100n (at 0 -1.9 270) (layer B.Fab)
      (effects (font (size 1 1) (thickness 0.15)) (justify mirror))
    )
    (fp_line (start -1.45 0.75) (end 1.45 0.75) (layer B.CrtYd) (width 0.05))
    (fp_line (start -1.45 -0.75) (end 1.45 -0.75) (layer B.CrtYd) (width 0.05))
    (fp_line (start -1.45 0.75) (end -1.45 -0.75) (layer B.CrtYd) (width 0.05))
    (fp_line (start 1.45 0.75) (end 1.45 -0.75) (layer B.CrtYd) (width 0.05))
    (fp_line (start -0.35 0.6) (end 0.35 0.6) (layer B.SilkS) (width 0.15))
    (fp_line (start 0.35 -0.6) (end -0.35 -0.6) (layer B.SilkS) (width 0.15))
    (pad 1 smd rect (at -0.75 0 270) (size 0.8 0.75) (layers B.Cu B.Paste B.Mask)
      (net 1 "Net-(C1-Pad1)"))
    (pad 2 smd rect (at 0.75 0 270) (size 0.8 0.75) (layers B.Cu B.Paste B.Mask)
      (net 2 "Net-(C1-Pad2)"))
    (model Capacitors_SMD.3dshapes/C_0603.wrl
      (at (xyz 0 0 0))
      (scale (xyz 1 1 1))
      (rotate (xyz 0 0 0))
    )
  )

  (module Capacitors_SMD:C_0603 (layer B.Cu) (tedit 5415D631) (tstamp 57CB0540)
    (at 130.2 129 270)
    (descr "Capacitor SMD 0603, reflow soldering, AVX (see smccp.pdf)")
    (tags "capacitor 0603")
    (path /57C2CEFE)
    (attr smd)
    (fp_text reference C2 (at -2.493551 0 270) (layer B.SilkS)
      (effects (font (size 1 1) (thickness 0.15)) (justify mirror))
    )
    (fp_text value 10n? (at 0 -1.9 270) (layer B.Fab)
      (effects (font (size 1 1) (thickness 0.15)) (justify mirror))
    )
    (fp_line (start -1.45 0.75) (end 1.45 0.75) (layer B.CrtYd) (width 0.05))
    (fp_line (start -1.45 -0.75) (end 1.45 -0.75) (layer B.CrtYd) (width 0.05))
    (fp_line (start -1.45 0.75) (end -1.45 -0.75) (layer B.CrtYd) (width 0.05))
    (fp_line (start 1.45 0.75) (end 1.45 -0.75) (layer B.CrtYd) (width 0.05))
    (fp_line (start -0.35 0.6) (end 0.35 0.6) (layer B.SilkS) (width 0.15))
    (fp_line (start 0.35 -0.6) (end -0.35 -0.6) (layer B.SilkS) (width 0.15))
    (pad 1 smd rect (at -0.75 0 270) (size 0.8 0.75) (layers B.Cu B.Paste B.Mask)
      (net 3 "Net-(C2-Pad1)"))
    (pad 2 smd rect (at 0.75 0 270) (size 0.8 0.75) (layers B.Cu B.Paste B.Mask)
      (net 4 "Net-(C2-Pad2)"))
    (model Capacitors_SMD.3dshapes/C_0603.wrl
      (at (xyz 0 0 0))
      (scale (xyz 1 1 1))
      (rotate (xyz 0 0 0))
    )
  )

  (module Capacitors_SMD:C_0603 (layer B.Cu) (tedit 5415D631) (tstamp 57CB0546)
    (at 127.8 124.2 90)
    (descr "Capacitor SMD 0603, reflow soldering, AVX (see smccp.pdf)")
    (tags "capacitor 0603")
    (path /57C2CA10)
    (attr smd)
    (fp_text reference C3 (at 0 1.5 90) (layer B.SilkS)
      (effects (font (size 1 1) (thickness 0.15)) (justify mirror))
    )
    (fp_text value 100n (at 0 -1.9 90) (layer B.Fab)
      (effects (font (size 1 1) (thickness 0.15)) (justify mirror))
    )
    (fp_line (start -1.45 0.75) (end 1.45 0.75) (layer B.CrtYd) (width 0.05))
    (fp_line (start -1.45 -0.75) (end 1.45 -0.75) (layer B.CrtYd) (width 0.05))
    (fp_line (start -1.45 0.75) (end -1.45 -0.75) (layer B.CrtYd) (width 0.05))
    (fp_line (start 1.45 0.75) (end 1.45 -0.75) (layer B.CrtYd) (width 0.05))
    (fp_line (start -0.35 0.6) (end 0.35 0.6) (layer B.SilkS) (width 0.15))
    (fp_line (start 0.35 -0.6) (end -0.35 -0.6) (layer B.SilkS) (width 0.15))
    (pad 1 smd rect (at -0.75 0 90) (size 0.8 0.75) (layers B.Cu B.Paste B.Mask)
      (net 5 +15V))
    (pad 2 smd rect (at 0.75 0 90) (size 0.8 0.75) (layers B.Cu B.Paste B.Mask)
      (net 6 GND))
    (model Capacitors_SMD.3dshapes/C_0603.wrl
      (at (xyz 0 0 0))
      (scale (xyz 1 1 1))
      (rotate (xyz 0 0 0))
    )
  )

  (module Capacitors_SMD:C_0603 (layer B.Cu) (tedit 5415D631) (tstamp 57CB0558)
    (at 130.2 132.2 90)
    (descr "Capacitor SMD 0603, reflow soldering, AVX (see smccp.pdf)")
    (tags "capacitor 0603")
    (path /57C2CD0E)
    (attr smd)
    (fp_text reference C6 (at -0.8 -1.7 180) (layer B.SilkS)
      (effects (font (size 1 1) (thickness 0.15)) (justify mirror))
    )
    (fp_text value 100n? (at 0 -1.9 90) (layer B.Fab)
      (effects (font (size 1 1) (thickness 0.15)) (justify mirror))
    )
    (fp_line (start -1.45 0.75) (end 1.45 0.75) (layer B.CrtYd) (width 0.05))
    (fp_line (start -1.45 -0.75) (end 1.45 -0.75) (layer B.CrtYd) (width 0.05))
    (fp_line (start -1.45 0.75) (end -1.45 -0.75) (layer B.CrtYd) (width 0.05))
    (fp_line (start 1.45 0.75) (end 1.45 -0.75) (layer B.CrtYd) (width 0.05))
    (fp_line (start -0.35 0.6) (end 0.35 0.6) (layer B.SilkS) (width 0.15))
    (fp_line (start 0.35 -0.6) (end -0.35 -0.6) (layer B.SilkS) (width 0.15))
    (pad 1 smd rect (at -0.75 0 90) (size 0.8 0.75) (layers B.Cu B.Paste B.Mask)
      (net 7 "Net-(C5-Pad1)"))
    (pad 2 smd rect (at 0.75 0 90) (size 0.8 0.75) (layers B.Cu B.Paste B.Mask)
      (net 4 "Net-(C2-Pad2)"))
    (model Capacitors_SMD.3dshapes/C_0603.wrl
      (at (xyz 0 0 0))
      (scale (xyz 1 1 1))
      (rotate (xyz 0 0 0))
    )
  )

  (module Capacitors_SMD:C_0603 (layer F.Cu) (tedit 5415D631) (tstamp 57CB055E)
    (at 60.75 114.75 90)
    (descr "Capacitor SMD 0603, reflow soldering, AVX (see smccp.pdf)")
    (tags "capacitor 0603")
    (path /57C2E4D8)
    (attr smd)
    (fp_text reference C7 (at 0 1.5 90) (layer F.SilkS)
      (effects (font (size 1 1) (thickness 0.15)))
    )
    (fp_text value 100n? (at 0 1.9 90) (layer F.Fab)
      (effects (font (size 1 1) (thickness 0.15)))
    )
    (fp_line (start -1.45 -0.75) (end 1.45 -0.75) (layer F.CrtYd) (width 0.05))
    (fp_line (start -1.45 0.75) (end 1.45 0.75) (layer F.CrtYd) (width 0.05))
    (fp_line (start -1.45 -0.75) (end -1.45 0.75) (layer F.CrtYd) (width 0.05))
    (fp_line (start 1.45 -0.75) (end 1.45 0.75) (layer F.CrtYd) (width 0.05))
    (fp_line (start -0.35 -0.6) (end 0.35 -0.6) (layer F.SilkS) (width 0.15))
    (fp_line (start 0.35 0.6) (end -0.35 0.6) (layer F.SilkS) (width 0.15))
    (pad 1 smd rect (at -0.75 0 90) (size 0.8 0.75) (layers F.Cu F.Paste F.Mask)
      (net 6 GND))
    (pad 2 smd rect (at 0.75 0 90) (size 0.8 0.75) (layers F.Cu F.Paste F.Mask)
      (net 8 "Net-(C7-Pad2)"))
    (model Capacitors_SMD.3dshapes/C_0603.wrl
      (at (xyz 0 0 0))
      (scale (xyz 1 1 1))
      (rotate (xyz 0 0 0))
    )
  )

  (module Capacitors_SMD:C_0603 (layer F.Cu) (tedit 5415D631) (tstamp 57CB0564)
    (at 110.25 86.25 180)
    (descr "Capacitor SMD 0603, reflow soldering, AVX (see smccp.pdf)")
    (tags "capacitor 0603")
    (path /57C30B39)
    (attr smd)
    (fp_text reference C8 (at 2.5 0 180) (layer F.SilkS)
      (effects (font (size 1 1) (thickness 0.15)))
    )
    (fp_text value 100n? (at 0 1.9 180) (layer F.Fab)
      (effects (font (size 1 1) (thickness 0.15)))
    )
    (fp_line (start -1.45 -0.75) (end 1.45 -0.75) (layer F.CrtYd) (width 0.05))
    (fp_line (start -1.45 0.75) (end 1.45 0.75) (layer F.CrtYd) (width 0.05))
    (fp_line (start -1.45 -0.75) (end -1.45 0.75) (layer F.CrtYd) (width 0.05))
    (fp_line (start 1.45 -0.75) (end 1.45 0.75) (layer F.CrtYd) (width 0.05))
    (fp_line (start -0.35 -0.6) (end 0.35 -0.6) (layer F.SilkS) (width 0.15))
    (fp_line (start 0.35 0.6) (end -0.35 0.6) (layer F.SilkS) (width 0.15))
    (pad 1 smd rect (at -0.75 0 180) (size 0.8 0.75) (layers F.Cu F.Paste F.Mask)
      (net 6 GND))
    (pad 2 smd rect (at 0.75 0 180) (size 0.8 0.75) (layers F.Cu F.Paste F.Mask)
      (net 9 "Net-(C8-Pad2)"))
    (model Capacitors_SMD.3dshapes/C_0603.wrl
      (at (xyz 0 0 0))
      (scale (xyz 1 1 1))
      (rotate (xyz 0 0 0))
    )
  )

  (module Capacitors_SMD:C_0603 (layer B.Cu) (tedit 5415D631) (tstamp 57CB056A)
    (at 144.75 136.25 180)
    (descr "Capacitor SMD 0603, reflow soldering, AVX (see smccp.pdf)")
    (tags "capacitor 0603")
    (path /57C330C0)
    (attr smd)
    (fp_text reference C9 (at -1 -1.5 180) (layer B.SilkS)
      (effects (font (size 1 1) (thickness 0.15)) (justify mirror))
    )
    (fp_text value 100n? (at 0 -1.9 180) (layer B.Fab)
      (effects (font (size 1 1) (thickness 0.15)) (justify mirror))
    )
    (fp_line (start -1.45 0.75) (end 1.45 0.75) (layer B.CrtYd) (width 0.05))
    (fp_line (start -1.45 -0.75) (end 1.45 -0.75) (layer B.CrtYd) (width 0.05))
    (fp_line (start -1.45 0.75) (end -1.45 -0.75) (layer B.CrtYd) (width 0.05))
    (fp_line (start 1.45 0.75) (end 1.45 -0.75) (layer B.CrtYd) (width 0.05))
    (fp_line (start -0.35 0.6) (end 0.35 0.6) (layer B.SilkS) (width 0.15))
    (fp_line (start 0.35 -0.6) (end -0.35 -0.6) (layer B.SilkS) (width 0.15))
    (pad 1 smd rect (at -0.75 0 180) (size 0.8 0.75) (layers B.Cu B.Paste B.Mask)
      (net 10 "Net-(C12-Pad2)"))
    (pad 2 smd rect (at 0.75 0 180) (size 0.8 0.75) (layers B.Cu B.Paste B.Mask)
      (net 11 "Net-(C10-Pad1)"))
    (model Capacitors_SMD.3dshapes/C_0603.wrl
      (at (xyz 0 0 0))
      (scale (xyz 1 1 1))
      (rotate (xyz 0 0 0))
    )
  )

  (module Capacitors_SMD:C_0603 (layer B.Cu) (tedit 5415D631) (tstamp 57CB0576)
    (at 145 127.5 90)
    (descr "Capacitor SMD 0603, reflow soldering, AVX (see smccp.pdf)")
    (tags "capacitor 0603")
    (path /57C33A85)
    (attr smd)
    (fp_text reference C11 (at 0 1.5 90) (layer B.SilkS)
      (effects (font (size 1 1) (thickness 0.15)) (justify mirror))
    )
    (fp_text value 100n (at 0 -1.9 90) (layer B.Fab)
      (effects (font (size 1 1) (thickness 0.15)) (justify mirror))
    )
    (fp_line (start -1.45 0.75) (end 1.45 0.75) (layer B.CrtYd) (width 0.05))
    (fp_line (start -1.45 -0.75) (end 1.45 -0.75) (layer B.CrtYd) (width 0.05))
    (fp_line (start -1.45 0.75) (end -1.45 -0.75) (layer B.CrtYd) (width 0.05))
    (fp_line (start 1.45 0.75) (end 1.45 -0.75) (layer B.CrtYd) (width 0.05))
    (fp_line (start -0.35 0.6) (end 0.35 0.6) (layer B.SilkS) (width 0.15))
    (fp_line (start 0.35 -0.6) (end -0.35 -0.6) (layer B.SilkS) (width 0.15))
    (pad 1 smd rect (at -0.75 0 90) (size 0.8 0.75) (layers B.Cu B.Paste B.Mask)
      (net 5 +15V))
    (pad 2 smd rect (at 0.75 0 90) (size 0.8 0.75) (layers B.Cu B.Paste B.Mask)
      (net 6 GND))
    (model Capacitors_SMD.3dshapes/C_0603.wrl
      (at (xyz 0 0 0))
      (scale (xyz 1 1 1))
      (rotate (xyz 0 0 0))
    )
  )

  (module Capacitors_SMD:C_0603 (layer B.Cu) (tedit 5415D631) (tstamp 57CB057C)
    (at 147.5 132.25 270)
    (descr "Capacitor SMD 0603, reflow soldering, AVX (see smccp.pdf)")
    (tags "capacitor 0603")
    (path /57C333A8)
    (attr smd)
    (fp_text reference C12 (at 3 0 270) (layer B.SilkS)
      (effects (font (size 1 1) (thickness 0.15)) (justify mirror))
    )
    (fp_text value 100n? (at 0 -1.9 270) (layer B.Fab)
      (effects (font (size 1 1) (thickness 0.15)) (justify mirror))
    )
    (fp_line (start -1.45 0.75) (end 1.45 0.75) (layer B.CrtYd) (width 0.05))
    (fp_line (start -1.45 -0.75) (end 1.45 -0.75) (layer B.CrtYd) (width 0.05))
    (fp_line (start -1.45 0.75) (end -1.45 -0.75) (layer B.CrtYd) (width 0.05))
    (fp_line (start 1.45 0.75) (end 1.45 -0.75) (layer B.CrtYd) (width 0.05))
    (fp_line (start -0.35 0.6) (end 0.35 0.6) (layer B.SilkS) (width 0.15))
    (fp_line (start 0.35 -0.6) (end -0.35 -0.6) (layer B.SilkS) (width 0.15))
    (pad 1 smd rect (at -0.75 0 270) (size 0.8 0.75) (layers B.Cu B.Paste B.Mask)
      (net 12 "Net-(C12-Pad1)"))
    (pad 2 smd rect (at 0.75 0 270) (size 0.8 0.75) (layers B.Cu B.Paste B.Mask)
      (net 10 "Net-(C12-Pad2)"))
    (model Capacitors_SMD.3dshapes/C_0603.wrl
      (at (xyz 0 0 0))
      (scale (xyz 1 1 1))
      (rotate (xyz 0 0 0))
    )
  )

  (module Capacitors_SMD:C_0603 (layer F.Cu) (tedit 5415D631) (tstamp 57CB0582)
    (at 80 53)
    (descr "Capacitor SMD 0603, reflow soldering, AVX (see smccp.pdf)")
    (tags "capacitor 0603")
    (path /57CBEBB5)
    (attr smd)
    (fp_text reference C13 (at -2.25 0 90) (layer F.SilkS)
      (effects (font (size 1 1) (thickness 0.15)))
    )
    (fp_text value 10u (at 0 1.9) (layer F.Fab)
      (effects (font (size 1 1) (thickness 0.15)))
    )
    (fp_line (start -1.45 -0.75) (end 1.45 -0.75) (layer F.CrtYd) (width 0.05))
    (fp_line (start -1.45 0.75) (end 1.45 0.75) (layer F.CrtYd) (width 0.05))
    (fp_line (start -1.45 -0.75) (end -1.45 0.75) (layer F.CrtYd) (width 0.05))
    (fp_line (start 1.45 -0.75) (end 1.45 0.75) (layer F.CrtYd) (width 0.05))
    (fp_line (start -0.35 -0.6) (end 0.35 -0.6) (layer F.SilkS) (width 0.15))
    (fp_line (start 0.35 0.6) (end -0.35 0.6) (layer F.SilkS) (width 0.15))
    (pad 1 smd rect (at -0.75 0) (size 0.8 0.75) (layers F.Cu F.Paste F.Mask)
      (net 31 VIN))
    (pad 2 smd rect (at 0.75 0) (size 0.8 0.75) (layers F.Cu F.Paste F.Mask)
      (net 6 GND))
    (model Capacitors_SMD.3dshapes/C_0603.wrl
      (at (xyz 0 0 0))
      (scale (xyz 1 1 1))
      (rotate (xyz 0 0 0))
    )
  )

  (module Capacitors_SMD:C_0603 (layer F.Cu) (tedit 5415D631) (tstamp 57CB0588)
    (at 80 55)
    (descr "Capacitor SMD 0603, reflow soldering, AVX (see smccp.pdf)")
    (tags "capacitor 0603")
    (path /57CBEAF3)
    (attr smd)
    (fp_text reference C14 (at 2.25 0 90) (layer F.SilkS)
      (effects (font (size 1 1) (thickness 0.15)))
    )
    (fp_text value 100n (at 0 1.9) (layer F.Fab)
      (effects (font (size 1 1) (thickness 0.15)))
    )
    (fp_line (start -1.45 -0.75) (end 1.45 -0.75) (layer F.CrtYd) (width 0.05))
    (fp_line (start -1.45 0.75) (end 1.45 0.75) (layer F.CrtYd) (width 0.05))
    (fp_line (start -1.45 -0.75) (end -1.45 0.75) (layer F.CrtYd) (width 0.05))
    (fp_line (start 1.45 -0.75) (end 1.45 0.75) (layer F.CrtYd) (width 0.05))
    (fp_line (start -0.35 -0.6) (end 0.35 -0.6) (layer F.SilkS) (width 0.15))
    (fp_line (start 0.35 0.6) (end -0.35 0.6) (layer F.SilkS) (width 0.15))
    (pad 1 smd rect (at -0.75 0) (size 0.8 0.75) (layers F.Cu F.Paste F.Mask)
      (net 31 VIN))
    (pad 2 smd rect (at 0.75 0) (size 0.8 0.75) (layers F.Cu F.Paste F.Mask)
      (net 6 GND))
    (model Capacitors_SMD.3dshapes/C_0603.wrl
      (at (xyz 0 0 0))
      (scale (xyz 1 1 1))
      (rotate (xyz 0 0 0))
    )
  )

  (module Capacitors_SMD:C_0603 (layer F.Cu) (tedit 5415D631) (tstamp 57CB058E)
    (at 116.5 64.75 270)
    (descr "Capacitor SMD 0603, reflow soldering, AVX (see smccp.pdf)")
    (tags "capacitor 0603")
    (path /57CB50C8)
    (attr smd)
    (fp_text reference C15 (at 0 -2.75 270) (layer F.SilkS)
      (effects (font (size 1 1) (thickness 0.15)))
    )
    (fp_text value 100n (at 0 1.9 270) (layer F.Fab)
      (effects (font (size 1 1) (thickness 0.15)))
    )
    (fp_line (start -1.45 -0.75) (end 1.45 -0.75) (layer F.CrtYd) (width 0.05))
    (fp_line (start -1.45 0.75) (end 1.45 0.75) (layer F.CrtYd) (width 0.05))
    (fp_line (start -1.45 -0.75) (end -1.45 0.75) (layer F.CrtYd) (width 0.05))
    (fp_line (start 1.45 -0.75) (end 1.45 0.75) (layer F.CrtYd) (width 0.05))
    (fp_line (start -0.35 -0.6) (end 0.35 -0.6) (layer F.SilkS) (width 0.15))
    (fp_line (start 0.35 0.6) (end -0.35 0.6) (layer F.SilkS) (width 0.15))
    (pad 1 smd rect (at -0.75 0 270) (size 0.8 0.75) (layers F.Cu F.Paste F.Mask)
      (net 13 -15V))
    (pad 2 smd rect (at 0.75 0 270) (size 0.8 0.75) (layers F.Cu F.Paste F.Mask)
      (net 6 GND))
    (model Capacitors_SMD.3dshapes/C_0603.wrl
      (at (xyz 0 0 0))
      (scale (xyz 1 1 1))
      (rotate (xyz 0 0 0))
    )
  )

  (module Capacitors_SMD:C_0603 (layer F.Cu) (tedit 5415D631) (tstamp 57CB0594)
    (at 115 55.25 90)
    (descr "Capacitor SMD 0603, reflow soldering, AVX (see smccp.pdf)")
    (tags "capacitor 0603")
    (path /57CB17EE)
    (attr smd)
    (fp_text reference C16 (at 0 -1.5 90) (layer F.SilkS)
      (effects (font (size 1 1) (thickness 0.15)))
    )
    (fp_text value 100n (at 0 1.9 90) (layer F.Fab)
      (effects (font (size 1 1) (thickness 0.15)))
    )
    (fp_line (start -1.45 -0.75) (end 1.45 -0.75) (layer F.CrtYd) (width 0.05))
    (fp_line (start -1.45 0.75) (end 1.45 0.75) (layer F.CrtYd) (width 0.05))
    (fp_line (start -1.45 -0.75) (end -1.45 0.75) (layer F.CrtYd) (width 0.05))
    (fp_line (start 1.45 -0.75) (end 1.45 0.75) (layer F.CrtYd) (width 0.05))
    (fp_line (start -0.35 -0.6) (end 0.35 -0.6) (layer F.SilkS) (width 0.15))
    (fp_line (start 0.35 0.6) (end -0.35 0.6) (layer F.SilkS) (width 0.15))
    (pad 1 smd rect (at -0.75 0 90) (size 0.8 0.75) (layers F.Cu F.Paste F.Mask)
      (net 5 +15V))
    (pad 2 smd rect (at 0.75 0 90) (size 0.8 0.75) (layers F.Cu F.Paste F.Mask)
      (net 6 GND))
    (model Capacitors_SMD.3dshapes/C_0603.wrl
      (at (xyz 0 0 0))
      (scale (xyz 1 1 1))
      (rotate (xyz 0 0 0))
    )
  )

  (module Capacitors_SMD:C_0603 (layer F.Cu) (tedit 5415D631) (tstamp 57CB059A)
    (at 117.75 60 270)
    (descr "Capacitor SMD 0603, reflow soldering, AVX (see smccp.pdf)")
    (tags "capacitor 0603")
    (path /57CB29BF)
    (attr smd)
    (fp_text reference C17 (at 0 -1.5 270) (layer F.SilkS)
      (effects (font (size 1 1) (thickness 0.15)))
    )
    (fp_text value 100n (at 0 1.9 270) (layer F.Fab)
      (effects (font (size 1 1) (thickness 0.15)))
    )
    (fp_line (start -1.45 -0.75) (end 1.45 -0.75) (layer F.CrtYd) (width 0.05))
    (fp_line (start -1.45 0.75) (end 1.45 0.75) (layer F.CrtYd) (width 0.05))
    (fp_line (start -1.45 -0.75) (end -1.45 0.75) (layer F.CrtYd) (width 0.05))
    (fp_line (start 1.45 -0.75) (end 1.45 0.75) (layer F.CrtYd) (width 0.05))
    (fp_line (start -0.35 -0.6) (end 0.35 -0.6) (layer F.SilkS) (width 0.15))
    (fp_line (start 0.35 0.6) (end -0.35 0.6) (layer F.SilkS) (width 0.15))
    (pad 1 smd rect (at -0.75 0 270) (size 0.8 0.75) (layers F.Cu F.Paste F.Mask)
      (net 14 "Net-(C17-Pad1)"))
    (pad 2 smd rect (at 0.75 0 270) (size 0.8 0.75) (layers F.Cu F.Paste F.Mask)
      (net 15 "Net-(C17-Pad2)"))
    (model Capacitors_SMD.3dshapes/C_0603.wrl
      (at (xyz 0 0 0))
      (scale (xyz 1 1 1))
      (rotate (xyz 0 0 0))
    )
  )

  (module Capacitors_SMD:C_0603 (layer B.Cu) (tedit 5415D631) (tstamp 57CB05A0)
    (at 126.5 55.5 90)
    (descr "Capacitor SMD 0603, reflow soldering, AVX (see smccp.pdf)")
    (tags "capacitor 0603")
    (path /57CB0C8E)
    (attr smd)
    (fp_text reference C18 (at 0 -1.5 90) (layer B.SilkS)
      (effects (font (size 1 1) (thickness 0.15)) (justify mirror))
    )
    (fp_text value 100n (at 0 -1.9 90) (layer B.Fab)
      (effects (font (size 1 1) (thickness 0.15)) (justify mirror))
    )
    (fp_line (start -1.45 0.75) (end 1.45 0.75) (layer B.CrtYd) (width 0.05))
    (fp_line (start -1.45 -0.75) (end 1.45 -0.75) (layer B.CrtYd) (width 0.05))
    (fp_line (start -1.45 0.75) (end -1.45 -0.75) (layer B.CrtYd) (width 0.05))
    (fp_line (start 1.45 0.75) (end 1.45 -0.75) (layer B.CrtYd) (width 0.05))
    (fp_line (start -0.35 0.6) (end 0.35 0.6) (layer B.SilkS) (width 0.15))
    (fp_line (start 0.35 -0.6) (end -0.35 -0.6) (layer B.SilkS) (width 0.15))
    (pad 1 smd rect (at -0.75 0 90) (size 0.8 0.75) (layers B.Cu B.Paste B.Mask)
      (net 5 +15V))
    (pad 2 smd rect (at 0.75 0 90) (size 0.8 0.75) (layers B.Cu B.Paste B.Mask)
      (net 6 GND))
    (model Capacitors_SMD.3dshapes/C_0603.wrl
      (at (xyz 0 0 0))
      (scale (xyz 1 1 1))
      (rotate (xyz 0 0 0))
    )
  )

  (module Capacitors_SMD:C_0603 (layer B.Cu) (tedit 5415D631) (tstamp 57CB05A6)
    (at 133.25 60)
    (descr "Capacitor SMD 0603, reflow soldering, AVX (see smccp.pdf)")
    (tags "capacitor 0603")
    (path /57CB5253)
    (attr smd)
    (fp_text reference C19 (at 0 1.5) (layer B.SilkS)
      (effects (font (size 1 1) (thickness 0.15)) (justify mirror))
    )
    (fp_text value 100n (at 0 -1.9) (layer B.Fab)
      (effects (font (size 1 1) (thickness 0.15)) (justify mirror))
    )
    (fp_line (start -1.45 0.75) (end 1.45 0.75) (layer B.CrtYd) (width 0.05))
    (fp_line (start -1.45 -0.75) (end 1.45 -0.75) (layer B.CrtYd) (width 0.05))
    (fp_line (start -1.45 0.75) (end -1.45 -0.75) (layer B.CrtYd) (width 0.05))
    (fp_line (start 1.45 0.75) (end 1.45 -0.75) (layer B.CrtYd) (width 0.05))
    (fp_line (start -0.35 0.6) (end 0.35 0.6) (layer B.SilkS) (width 0.15))
    (fp_line (start 0.35 -0.6) (end -0.35 -0.6) (layer B.SilkS) (width 0.15))
    (pad 1 smd rect (at -0.75 0) (size 0.8 0.75) (layers B.Cu B.Paste B.Mask)
      (net 13 -15V))
    (pad 2 smd rect (at 0.75 0) (size 0.8 0.75) (layers B.Cu B.Paste B.Mask)
      (net 6 GND))
    (model Capacitors_SMD.3dshapes/C_0603.wrl
      (at (xyz 0 0 0))
      (scale (xyz 1 1 1))
      (rotate (xyz 0 0 0))
    )
  )

  (module Capacitors_SMD:C_0603 (layer F.Cu) (tedit 5415D631) (tstamp 57CB05AC)
    (at 72.5 67.5 180)
    (descr "Capacitor SMD 0603, reflow soldering, AVX (see smccp.pdf)")
    (tags "capacitor 0603")
    (path /57CBFDA8)
    (attr smd)
    (fp_text reference C20 (at 0 -1.5 180) (layer F.SilkS)
      (effects (font (size 1 1) (thickness 0.15)))
    )
    (fp_text value 10u (at 0 1.9 180) (layer F.Fab)
      (effects (font (size 1 1) (thickness 0.15)))
    )
    (fp_line (start -1.45 -0.75) (end 1.45 -0.75) (layer F.CrtYd) (width 0.05))
    (fp_line (start -1.45 0.75) (end 1.45 0.75) (layer F.CrtYd) (width 0.05))
    (fp_line (start -1.45 -0.75) (end -1.45 0.75) (layer F.CrtYd) (width 0.05))
    (fp_line (start 1.45 -0.75) (end 1.45 0.75) (layer F.CrtYd) (width 0.05))
    (fp_line (start -0.35 -0.6) (end 0.35 -0.6) (layer F.SilkS) (width 0.15))
    (fp_line (start 0.35 0.6) (end -0.35 0.6) (layer F.SilkS) (width 0.15))
    (pad 1 smd rect (at -0.75 0 180) (size 0.8 0.75) (layers F.Cu F.Paste F.Mask)
      (net 16 "Net-(C20-Pad1)"))
    (pad 2 smd rect (at 0.75 0 180) (size 0.8 0.75) (layers F.Cu F.Paste F.Mask)
      (net 6 GND))
    (model Capacitors_SMD.3dshapes/C_0603.wrl
      (at (xyz 0 0 0))
      (scale (xyz 1 1 1))
      (rotate (xyz 0 0 0))
    )
  )

  (module Capacitors_SMD:C_0603 (layer F.Cu) (tedit 5415D631) (tstamp 57CB05B2)
    (at 65.75 53.5)
    (descr "Capacitor SMD 0603, reflow soldering, AVX (see smccp.pdf)")
    (tags "capacitor 0603")
    (path /57CC004A)
    (attr smd)
    (fp_text reference C21 (at -3.25 0) (layer F.SilkS)
      (effects (font (size 1 1) (thickness 0.15)))
    )
    (fp_text value 1u (at 0 1.9) (layer F.Fab)
      (effects (font (size 1 1) (thickness 0.15)))
    )
    (fp_line (start -1.45 -0.75) (end 1.45 -0.75) (layer F.CrtYd) (width 0.05))
    (fp_line (start -1.45 0.75) (end 1.45 0.75) (layer F.CrtYd) (width 0.05))
    (fp_line (start -1.45 -0.75) (end -1.45 0.75) (layer F.CrtYd) (width 0.05))
    (fp_line (start 1.45 -0.75) (end 1.45 0.75) (layer F.CrtYd) (width 0.05))
    (fp_line (start -0.35 -0.6) (end 0.35 -0.6) (layer F.SilkS) (width 0.15))
    (fp_line (start 0.35 0.6) (end -0.35 0.6) (layer F.SilkS) (width 0.15))
    (pad 1 smd rect (at -0.75 0) (size 0.8 0.75) (layers F.Cu F.Paste F.Mask)
      (net 5 +15V))
    (pad 2 smd rect (at 0.75 0) (size 0.8 0.75) (layers F.Cu F.Paste F.Mask)
      (net 6 GND))
    (model Capacitors_SMD.3dshapes/C_0603.wrl
      (at (xyz 0 0 0))
      (scale (xyz 1 1 1))
      (rotate (xyz 0 0 0))
    )
  )

  (module Diodes_ThroughHole:Diode_DO-41_SOD81_Horizontal_RM10 (layer F.Cu) (tedit 552FFCCE) (tstamp 57CB05B8)
    (at 127.49746 92.34 270)
    (descr "Diode, DO-41, SOD81, Horizontal, RM 10mm,")
    (tags "Diode, DO-41, SOD81, Horizontal, RM 10mm, 1N4007, SB140,")
    (path /57C2B1E7)
    (fp_text reference D1 (at 5.38734 2.53746 270) (layer F.SilkS)
      (effects (font (size 1 1) (thickness 0.15)))
    )
    (fp_text value 1N4148 (at 4.37134 -3.55854 270) (layer F.Fab)
      (effects (font (size 1 1) (thickness 0.15)))
    )
    (fp_line (start 7.62 -0.00254) (end 8.636 -0.00254) (layer F.SilkS) (width 0.15))
    (fp_line (start 2.794 -0.00254) (end 1.524 -0.00254) (layer F.SilkS) (width 0.15))
    (fp_line (start 3.048 -1.27254) (end 3.048 1.26746) (layer F.SilkS) (width 0.15))
    (fp_line (start 3.302 -1.27254) (end 3.302 1.26746) (layer F.SilkS) (width 0.15))
    (fp_line (start 3.556 -1.27254) (end 3.556 1.26746) (layer F.SilkS) (width 0.15))
    (fp_line (start 2.794 -1.27254) (end 2.794 1.26746) (layer F.SilkS) (width 0.15))
    (fp_line (start 3.81 -1.27254) (end 2.54 1.26746) (layer F.SilkS) (width 0.15))
    (fp_line (start 2.54 -1.27254) (end 3.81 1.26746) (layer F.SilkS) (width 0.15))
    (fp_line (start 3.81 -1.27254) (end 3.81 1.26746) (layer F.SilkS) (width 0.15))
    (fp_line (start 3.175 -1.27254) (end 3.175 1.26746) (layer F.SilkS) (width 0.15))
    (fp_line (start 2.54 1.26746) (end 2.54 -1.27254) (layer F.SilkS) (width 0.15))
    (fp_line (start 2.54 -1.27254) (end 7.62 -1.27254) (layer F.SilkS) (width 0.15))
    (fp_line (start 7.62 -1.27254) (end 7.62 1.26746) (layer F.SilkS) (width 0.15))
    (fp_line (start 7.62 1.26746) (end 2.54 1.26746) (layer F.SilkS) (width 0.15))
    (pad 2 thru_hole circle (at 10.16 -0.00254 90) (size 1.99898 1.99898) (drill 1.27) (layers *.Cu *.Mask F.SilkS)
      (net 17 "Net-(D1-Pad2)"))
    (pad 1 thru_hole rect (at 0 -0.00254 90) (size 1.99898 1.99898) (drill 1.00076) (layers *.Cu *.Mask F.SilkS)
      (net 6 GND))
  )

  (module Diodes_ThroughHole:Diode_DO-41_SOD81_Horizontal_RM10 (layer F.Cu) (tedit 552FFCCE) (tstamp 57CB05BE)
    (at 135.04646 92.52949 270)
    (descr "Diode, DO-41, SOD81, Horizontal, RM 10mm,")
    (tags "Diode, DO-41, SOD81, Horizontal, RM 10mm, 1N4007, SB140,")
    (path /57C34ECA)
    (fp_text reference D2 (at 5.38734 -1.95354 270) (layer F.SilkS)
      (effects (font (size 1 1) (thickness 0.15)))
    )
    (fp_text value 1N4148? (at 4.37134 -3.55854 270) (layer F.Fab)
      (effects (font (size 1 1) (thickness 0.15)))
    )
    (fp_line (start 7.62 -0.00254) (end 8.636 -0.00254) (layer F.SilkS) (width 0.15))
    (fp_line (start 2.794 -0.00254) (end 1.524 -0.00254) (layer F.SilkS) (width 0.15))
    (fp_line (start 3.048 -1.27254) (end 3.048 1.26746) (layer F.SilkS) (width 0.15))
    (fp_line (start 3.302 -1.27254) (end 3.302 1.26746) (layer F.SilkS) (width 0.15))
    (fp_line (start 3.556 -1.27254) (end 3.556 1.26746) (layer F.SilkS) (width 0.15))
    (fp_line (start 2.794 -1.27254) (end 2.794 1.26746) (layer F.SilkS) (width 0.15))
    (fp_line (start 3.81 -1.27254) (end 2.54 1.26746) (layer F.SilkS) (width 0.15))
    (fp_line (start 2.54 -1.27254) (end 3.81 1.26746) (layer F.SilkS) (width 0.15))
    (fp_line (start 3.81 -1.27254) (end 3.81 1.26746) (layer F.SilkS) (width 0.15))
    (fp_line (start 3.175 -1.27254) (end 3.175 1.26746) (layer F.SilkS) (width 0.15))
    (fp_line (start 2.54 1.26746) (end 2.54 -1.27254) (layer F.SilkS) (width 0.15))
    (fp_line (start 2.54 -1.27254) (end 7.62 -1.27254) (layer F.SilkS) (width 0.15))
    (fp_line (start 7.62 -1.27254) (end 7.62 1.26746) (layer F.SilkS) (width 0.15))
    (fp_line (start 7.62 1.26746) (end 2.54 1.26746) (layer F.SilkS) (width 0.15))
    (pad 2 thru_hole circle (at 10.16 -0.00254 90) (size 1.99898 1.99898) (drill 1.27) (layers *.Cu *.Mask F.SilkS)
      (net 12 "Net-(C12-Pad1)"))
    (pad 1 thru_hole rect (at 0 -0.00254 90) (size 1.99898 1.99898) (drill 1.00076) (layers *.Cu *.Mask F.SilkS)
      (net 18 VREF+))
  )

  (module Diodes_ThroughHole:Diode_DO-41_SOD81_Horizontal_RM10 (layer F.Cu) (tedit 552FFCCE) (tstamp 57CB05C4)
    (at 80 58.00254)
    (descr "Diode, DO-41, SOD81, Horizontal, RM 10mm,")
    (tags "Diode, DO-41, SOD81, Horizontal, RM 10mm, 1N4007, SB140,")
    (path /57CBE7DC)
    (fp_text reference D3 (at 5 2.49746) (layer F.SilkS)
      (effects (font (size 1 1) (thickness 0.15)))
    )
    (fp_text value 1N4001 (at 4.37134 -3.55854) (layer F.Fab)
      (effects (font (size 1 1) (thickness 0.15)))
    )
    (fp_line (start 7.62 -0.00254) (end 8.636 -0.00254) (layer F.SilkS) (width 0.15))
    (fp_line (start 2.794 -0.00254) (end 1.524 -0.00254) (layer F.SilkS) (width 0.15))
    (fp_line (start 3.048 -1.27254) (end 3.048 1.26746) (layer F.SilkS) (width 0.15))
    (fp_line (start 3.302 -1.27254) (end 3.302 1.26746) (layer F.SilkS) (width 0.15))
    (fp_line (start 3.556 -1.27254) (end 3.556 1.26746) (layer F.SilkS) (width 0.15))
    (fp_line (start 2.794 -1.27254) (end 2.794 1.26746) (layer F.SilkS) (width 0.15))
    (fp_line (start 3.81 -1.27254) (end 2.54 1.26746) (layer F.SilkS) (width 0.15))
    (fp_line (start 2.54 -1.27254) (end 3.81 1.26746) (layer F.SilkS) (width 0.15))
    (fp_line (start 3.81 -1.27254) (end 3.81 1.26746) (layer F.SilkS) (width 0.15))
    (fp_line (start 3.175 -1.27254) (end 3.175 1.26746) (layer F.SilkS) (width 0.15))
    (fp_line (start 2.54 1.26746) (end 2.54 -1.27254) (layer F.SilkS) (width 0.15))
    (fp_line (start 2.54 -1.27254) (end 7.62 -1.27254) (layer F.SilkS) (width 0.15))
    (fp_line (start 7.62 -1.27254) (end 7.62 1.26746) (layer F.SilkS) (width 0.15))
    (fp_line (start 7.62 1.26746) (end 2.54 1.26746) (layer F.SilkS) (width 0.15))
    (pad 2 thru_hole circle (at 10.16 -0.00254 180) (size 1.99898 1.99898) (drill 1.27) (layers *.Cu *.Mask F.SilkS)
      (net 5 +15V))
    (pad 1 thru_hole rect (at 0 -0.00254 180) (size 1.99898 1.99898) (drill 1.00076) (layers *.Cu *.Mask F.SilkS)
      (net 31 VIN))
  )

  (module Diodes_ThroughHole:Diode_DO-41_SOD81_Horizontal_RM10 (layer F.Cu) (tedit 552FFCCE) (tstamp 57CB05CA)
    (at 90.16 63 180)
    (descr "Diode, DO-41, SOD81, Horizontal, RM 10mm,")
    (tags "Diode, DO-41, SOD81, Horizontal, RM 10mm, 1N4007, SB140,")
    (path /57CBFF52)
    (fp_text reference D4 (at 5.16 -2.5 180) (layer F.SilkS)
      (effects (font (size 1 1) (thickness 0.15)))
    )
    (fp_text value 1N4001 (at 4.37134 -3.55854 180) (layer F.Fab)
      (effects (font (size 1 1) (thickness 0.15)))
    )
    (fp_line (start 7.62 -0.00254) (end 8.636 -0.00254) (layer F.SilkS) (width 0.15))
    (fp_line (start 2.794 -0.00254) (end 1.524 -0.00254) (layer F.SilkS) (width 0.15))
    (fp_line (start 3.048 -1.27254) (end 3.048 1.26746) (layer F.SilkS) (width 0.15))
    (fp_line (start 3.302 -1.27254) (end 3.302 1.26746) (layer F.SilkS) (width 0.15))
    (fp_line (start 3.556 -1.27254) (end 3.556 1.26746) (layer F.SilkS) (width 0.15))
    (fp_line (start 2.794 -1.27254) (end 2.794 1.26746) (layer F.SilkS) (width 0.15))
    (fp_line (start 3.81 -1.27254) (end 2.54 1.26746) (layer F.SilkS) (width 0.15))
    (fp_line (start 2.54 -1.27254) (end 3.81 1.26746) (layer F.SilkS) (width 0.15))
    (fp_line (start 3.81 -1.27254) (end 3.81 1.26746) (layer F.SilkS) (width 0.15))
    (fp_line (start 3.175 -1.27254) (end 3.175 1.26746) (layer F.SilkS) (width 0.15))
    (fp_line (start 2.54 1.26746) (end 2.54 -1.27254) (layer F.SilkS) (width 0.15))
    (fp_line (start 2.54 -1.27254) (end 7.62 -1.27254) (layer F.SilkS) (width 0.15))
    (fp_line (start 7.62 -1.27254) (end 7.62 1.26746) (layer F.SilkS) (width 0.15))
    (fp_line (start 7.62 1.26746) (end 2.54 1.26746) (layer F.SilkS) (width 0.15))
    (pad 2 thru_hole circle (at 10.16 -0.00254) (size 1.99898 1.99898) (drill 1.27) (layers *.Cu *.Mask F.SilkS)
      (net 16 "Net-(C20-Pad1)"))
